71 85 40 120 54 118 37 211 110 229 68 245 118 179 220 176 61 228 121 206
209 136 153 66 123 152 245 223 172 9 190 117 160 72 232 171 197 138 147 80
204 231 32 118 121 21 240 121 107 24 241 160 142 61 174 229 172 162 4 105
123 22 117 252 251 185 242 114 65 140 180 188 37 151 42 62 9 223 20 228
247 170 156 209 178 91 71 84 67 104 202 188 125 185 0 141 109 220 63 170
38 186 54 232 210 40 137 97 62 254 94 59 184 193 184 121 9 161 37 206
19 81 173 249 221 98 182 3 13 83 212 191 174 44 184 31 105 102 5 22
212 28 19 241 132 221 174 2 152 228 234 107 13 9 10 127 160 52 189 169
130 116 204 76 115 43 135 44 124 52 38 89 150 21 210 142 206 210 28 60
182 220 92 163 49 49 99 223 77 118 209 209 84 175 91 230 113 20 96 122
