89 125 125 
255 255 155 
255 255 155 
209 209 153 153 152 245 245 245 229 229 245 245 245 232 232 232 228 228 228 206 
231 231 231 153 152 245 245 245 229 241 245 245 245 232 232 232 229 228 228 206 
231 231 252 252 252 251 245 245 223 241 241 241 188 232 232 232 229 223 228 228 
247 247 252 252 252 251 242 242 140 241 241 241 188 185 229 229 229 223 228 228 
247 247 252 252 252 251 242 242 254 254 254 202 193 193 193 184 223 223 228 228 
247 247 249 249 249 221 182 182 254 254 254 212 193 193 193 184 220 220 220 206 
212 212 249 249 249 221 221 182 254 254 254 234 193 193 193 184 161 189 206 206 
212 212 249 249 249 221 221 182 228 234 234 234 191 210 210 210 210 210 210 189 
220 220 241 241 241 221 223 223 228 234 234 234 209 210 230 230 230 210 210 189 
220 220 220 204 163 135 223 223 223 209 209 209 209 210 230 230 230 210 210 122 
209 209 153 153 152 245 245 245 229 229 245 245 245 232 232 232 228 228 228 206 
231 231 231 153 152 245 245 245 229 241 245 245 245 232 232 232 229 228 228 206 
231 231 252 252 252 251 245 245 223 241 241 241 188 232 232 232 229 223 228 228 
247 247 252 252 252 251 242 242 140 241 241 241 188 185 229 229 229 223 228 228 
247 247 252 252 252 251 242 242 254 254 254 202 193 193 193 184 223 223 228 228 
247 247 249 249 249 221 182 182 254 254 254 212 193 193 193 184 220 220 220 206 
212 212 249 249 249 221 221 182 254 254 254 234 193 193 193 184 161 189 206 206 
212 212 249 249 249 221 221 182 228 234 234 234 191 210 210 210 210 210 210 189 
220 220 241 241 241 221 223 223 228 234 234 234 209 210 230 230 230 210 210 189 
220 220 220 204 163 135 223 223 223 209 209 209 209 210 230 230 230 210 210 122 
